[Theme]
mvthemecol_text = [0.0, 0.0, 0.0, 255.0]
mvthemecol_tabactive = [0.0, 221.0, 173.0, 255.0]
mvthemecol_slidergrabactive = [66.0, 249.0, 191.0, 255.0]
mvthemecol_textdisabled = [57.0, 57.0, 57.0, 255.0]
mvthemecol_tabunfocused = [46.588233947753906, 200.61569213867188, 166.92156982421875, 247.0]
mvthemecol_button = [0.0, 204.0, 146.0, 255.0]
mvthemecol_windowbg = [129.0, 255.0, 219.0, 255.0]
mvthemecol_tabunfocusedactive = [35.0, 107.0, 103.0, 146.0]
mvthemecol_buttonhovered = [17.0, 231.0, 206.0, 255.0]
mvthemecol_childbg = [254.0, 254.0, 255.0, 197.0]
mvthemecol_dockingpreview = [66.0, 249.0, 245.0, 178.0]
mvthemecol_buttonactive = [15.0, 249.0, 159.0, 255.0]
mvthemecol_border = [0.0, 47.0, 255.0, 127.0]
mvthemecol_dockingemptybg = [0.0, 128.0, 117.0, 255.0]
mvthemecol_header = [66.0, 249.0, 245.0, 79.0]
mvthemecol_popupbg = [138.0, 255.0, 237.0, 198.0]
mvthemecol_plotlines = [0.0, 159.0, 167.0, 255.0]
mvthemecol_headerhovered = [66.0, 227.0, 249.0, 204.0]
mvthemecol_bordershadow = [2.0, 0.0, 255.0, 69.0]
mvthemecol_plotlineshovered = [89.0, 252.0, 255.0, 255.0]
mvthemecol_headeractive = [66.0, 249.0, 245.0, 255.0]
mvthemecol_framebg = [167.0, 167.0, 167.0, 137.0]
mvthemecol_plothistogram = [229.0, 178.0, 0.0, 255.0]
mvthemecol_separator = [129.0, 129.0, 152.0, 127.0]
mvthemecol_framebghovered = [16.0, 78.0, 38.0, 102.0]
mvthemecol_plothistogramhovered = [255.0, 153.0, 0.0, 255.0]
mvthemecol_separatorhovered = [24.0, 182.0, 191.0, 200.0]
mvthemecol_framebgactive = [0.0, 255.0, 208.0, 195.0]
mvthemecol_tableheaderbg = [154.0, 154.0, 154.0, 255.0]
mvthemecol_separatoractive = [25.0, 191.0, 177.0, 255.0]
mvthemecol_titlebg = [76.08235168457031, 198.19607543945312, 191.41175842285156, 255.0]
mvthemecol_tableborderstrong = [79.0, 79.0, 89.0, 255.0]
mvthemecol_resizegrip = [66.0, 249.0, 233.0, 51.0]
mvthemecol_titlebgactive = [81.0, 240.0, 206.0, 255.0]
mvthemecol_tableborderlight = [0.0, 128.0, 150.0, 255.0]
mvthemecol_resizegriphovered = [66.0, 249.0, 203.0, 170.0]
mvthemecol_titlebgcollapsed = [0.0, 102.0, 87.0, 130.0]
mvthemecol_tablerowbg = [4.0, 4.0, 4.0, 171.0]
mvthemecol_resizegripactive = [35.0, 236.0, 186.0, 242.0]
mvthemecol_menubarbg = [0.0, 145.0, 129.0, 255.0]
mvthemecol_tablerowbgalt = [52.0, 52.0, 52.0, 190.0]
mvthemecol_tab = [103.0, 173.0, 167.0, 126.0]
mvthemecol_scrollbarbg = [0.0, 39.0, 52.0, 38.0]
mvthemecol_textselectedbg = [66.0, 88.0, 249.0, 89.0]
mvthemecol_tabhovered = [66.0, 249.0, 233.0, 255.0]
mvthemecol_scrollbargrab = [0.0, 194.0, 171.0, 255.0]
mvthemecol_dragdroptarget = [255.0, 255.0, 0.0, 229.0]
mvthemecol_scrollbargrabhovered = [0.0, 101.0, 102.0, 255.0]
mvthemecol_navhighlight = [66.0, 249.0, 239.0, 255.0]
mvthemecol_scrollbargrabactive = [0.0, 116.0, 122.0, 255.0]
mvthemecol_navwindowinghighlight = [5.0, 195.0, 192.0, 255.0]
mvthemecol_checkmark = [66.0, 245.0, 249.0, 255.0]
mvthemecol_navwindowingdimbg = [0.0, 150.0, 143.0, 255.0]
mvthemecol_slidergrab = [60.0, 224.0, 221.0, 255.0]
mvthemecol_modalwindowdimbg = [204.0, 204.0, 204.0, 89.0]

